back_ang = 3.141593
front_ang = 0.000000
left_ang = -1.570796
right_ang = 1.570796
rotation = -0.000000
xback = 0.000000
xcenter = 0.000000
xfront = 0.000000
xleft = -128.000000
xmax = 127.000000
xmin = -128.000000
xright = 127.000000
yback = 127.000000
ycenter = 0.000000
yfront = -128.000000
yleft = 0.000000
ymax = 127.000000
ymin = -128.000000
yright = 0.000000
